s=0.128314
K=1.09/10
D=13.752 *10
p0=0.0604624
